 ktime
  59
time,ms iscu,At iscc,At iscl,At ipf1,At ipf2,At ipf3,At ipf4,At ipf5,At ipf6,At ihfc,At
  9.000e-002   1.070e+007   9.470e+006   1.061e+007   6.400e+005  -3.999e+005   3.603e+005 -1.598e+005   2.201e+005   6.800e+005   3.000e+003 
  1.400e-001   1.019e+007   9.016e+006   9.958e+006   5.939e+005  -4.170e+005   3.297e+005 -1.825e+005   1.813e+005   8.530e+005   2.231e+003 
  1.900e-001   9.681e+006   8.535e+006   9.303e+006   5.361e+005  -4.392e+005   2.967e+005 -2.095e+005   1.497e+005   1.032e+006   3.703e+003 
  2.400e-001   9.164e+006   8.039e+006   8.636e+006   4.486e+005  -4.603e+005   2.629e+005 -2.297e+005   1.178e+005   1.183e+006   7.667e+003 
  2.900e-001   8.635e+006   7.532e+006   7.955e+006   3.443e+005  -4.803e+005   2.334e+005 -2.435e+005   7.728e+004   1.304e+006   7.192e+003 
  3.400e-001   8.097e+006   7.019e+006   7.260e+006   2.253e+005  -4.997e+005   2.055e+005 -2.511e+005   3.020e+004   1.414e+006   8.366e+003 
  3.900e-001   7.548e+006   6.498e+006   6.556e+006   9.987e+004  -5.191e+005   1.788e+005 -2.543e+005  -2.318e+004   1.527e+006   1.028e+004 
  4.400e-001   6.993e+006   5.967e+006   5.867e+006  -1.461e+003  -5.406e+005   1.587e+005 -2.558e+005  -8.523e+004   1.639e+006   8.126e+003 
  4.900e-001   6.442e+006   5.425e+006   5.233e+006  -8.630e+004  -5.667e+005   1.446e+005 -2.499e+005  -1.494e+005   1.742e+006   8.777e+003 
  5.400e-001   5.896e+006   4.854e+006   4.640e+006  -1.291e+005  -5.959e+005   1.316e+005 -2.478e+005  -2.131e+005   1.853e+006   9.728e+003 
  5.900e-001   5.352e+006   4.253e+006   4.065e+006  -1.365e+005  -6.267e+005   1.201e+005 -2.520e+005  -2.740e+005   1.960e+006   8.041e+003 
  6.400e-001   4.810e+006   3.635e+006   3.491e+006  -1.456e+005  -6.572e+005   1.086e+005 -2.573e+005  -3.324e+005   2.056e+006   8.819e+003 
  6.900e-001   4.265e+006   3.014e+006   2.905e+006  -1.570e+005  -6.875e+005   9.984e+004 -2.622e+005  -3.912e+005   2.144e+006   7.398e+003 
  7.400e-001   3.743e+006   2.401e+006   2.316e+006  -1.762e+005  -7.164e+005   8.773e+004 -2.649e+005  -4.507e+005   2.224e+006   7.383e+003 
  7.900e-001   3.283e+006   1.815e+006   1.788e+006  -1.333e+005  -7.476e+005   7.394e+004 -2.691e+005  -5.197e+005   2.306e+006   6.615e+003 
  8.400e-001   2.869e+006   1.245e+006   1.331e+006  -7.347e+004  -7.776e+005   6.283e+004 -2.696e+005  -5.953e+005   2.413e+006   2.308e+003 
  8.900e-001   2.483e+006   6.568e+005   9.340e+005   8.075e+002  -7.862e+005   4.503e+004 -2.725e+005  -6.666e+005   2.551e+006   9.179e+001 
  9.400e-001   2.108e+006   3.060e+004   5.805e+005   7.916e+004  -7.714e+005   1.656e+004 -2.837e+005  -7.270e+005   2.690e+006  -1.260e+003 
  9.900e-001   1.729e+006  -6.177e+005   2.526e+005   1.382e+005  -7.464e+005  -1.733e+004 -2.982e+005  -7.808e+005   2.810e+006  -3.238e+003 
  1.040e+000   1.332e+006  -1.258e+006  -9.332e+004   1.620e+005  -7.325e+005  -4.411e+004 -3.196e+005  -8.313e+005   2.996e+006  -1.856e+003 
  1.090e+000   9.239e+005  -1.868e+006  -5.257e+005   1.682e+005  -7.594e+005  -4.142e+004 -3.564e+005  -8.721e+005   3.309e+006   3.447e+001 
  1.140e+000   5.176e+005  -2.457e+006  -9.930e+005   1.832e+005  -7.964e+005  -2.504e+004 -3.995e+005  -9.081e+005   3.603e+006   9.301e+002 
  1.190e+000   1.160e+005  -3.031e+006  -1.469e+006   1.913e+005  -8.337e+005  -1.558e+003 -4.420e+005  -9.543e+005   3.879e+006  -2.025e+003 
  1.240e+000  -2.838e+005  -3.584e+006  -1.944e+006   1.829e+005  -8.697e+005   2.388e+004 -4.815e+005  -1.011e+006   4.163e+006  -5.370e+003 
  1.290e+000  -4.739e+005  -4.683e+006  -2.676e+006   2.295e+005  -9.187e+005   6.309e+004 -5.408e+005  -9.939e+005   4.411e+006  -1.168e+004 
  1.340e+000  -9.801e+005  -5.075e+006  -3.080e+006   3.000e+005  -9.696e+005   1.024e+005 -6.094e+005  -9.079e+005   4.713e+006  -6.829e+003 
  1.390e+000  -1.556e+006  -5.134e+006  -3.594e+006   5.198e+005  -1.011e+006   1.051e+005 -6.551e+005  -8.418e+005   4.606e+006  -2.573e+003 
  1.440e+000  -2.103e+006  -5.497e+006  -4.170e+006   7.291e+005  -1.047e+006   8.498e+004 -6.856e+005  -8.378e+005   4.531e+006  -6.260e+003 
  1.490e+000  -2.761e+006  -5.827e+006  -4.614e+006   9.422e+005  -1.081e+006   7.323e+004 -7.095e+005  -8.906e+005   4.836e+006  -6.215e+003 
  1.540e+000  -3.369e+006  -6.169e+006  -4.982e+006   1.132e+006  -1.078e+006   6.739e+004 -7.314e+005  -9.735e+005   5.176e+006  -1.586e+004 
  1.590e+000  -4.096e+006  -6.695e+006  -5.083e+006   1.304e+006  -1.034e+006   4.875e+004 -7.513e+005  -1.071e+006   5.511e+006  -2.646e+004 
  1.640e+000  -4.893e+006  -7.058e+006  -4.919e+006   1.452e+006  -9.787e+005   2.085e+004 -7.702e+005  -1.150e+006   5.827e+006  -2.574e+004 
  1.690e+000  -5.266e+006  -7.247e+006  -4.789e+006   1.482e+006  -9.336e+005  -5.529e+003 -7.969e+005  -1.163e+006   6.120e+006  -2.426e+004 
  1.740e+000  -5.509e+006  -7.438e+006  -4.833e+006   1.432e+006  -9.002e+005  -3.263e+004 -8.273e+005  -1.137e+006   6.340e+006  -2.008e+004 
  1.790e+000  -5.736e+006  -7.659e+006  -4.938e+006   1.336e+006  -8.758e+005  -5.985e+004 -8.489e+005  -1.072e+006   6.167e+006  -1.670e+004 
  1.840e+000  -5.944e+006  -7.883e+006  -5.095e+006   1.218e+006  -8.569e+005  -8.776e+004 -8.476e+005  -1.006e+006   5.914e+006  -1.191e+004 
  1.890e+000  -6.132e+006  -8.108e+006  -5.287e+006   1.117e+006  -8.406e+005  -1.167e+005 -8.376e+005  -9.480e+005   5.607e+006  -7.779e+003 
  1.940e+000  -6.292e+006  -8.328e+006  -5.503e+006   1.030e+006  -8.255e+005  -1.451e+005 -8.243e+005  -9.022e+005   5.306e+006  -3.862e+003 
  1.990e+000  -6.440e+006  -8.549e+006  -5.723e+006   9.511e+005  -8.117e+005  -1.713e+005 -8.118e+005  -8.729e+005   5.085e+006  -1.139e+003 
  2.040e+000  -6.570e+006  -8.752e+006  -5.937e+006   8.933e+005  -7.976e+005  -1.944e+005 -8.007e+005  -8.533e+005   4.894e+006   6.621e+002 
  2.090e+000  -6.704e+006  -8.966e+006  -6.150e+006   8.398e+005  -7.852e+005  -2.154e+005 -7.899e+005  -8.409e+005   4.744e+006   2.450e+003 
  2.140e+000  -6.836e+006  -9.174e+006  -6.367e+006   7.907e+005  -7.737e+005  -2.329e+005 -7.793e+005  -8.361e+005   4.632e+006   2.977e+003 
  2.190e+000  -6.967e+006  -9.376e+006  -6.584e+006   7.447e+005  -7.637e+005  -2.476e+005 -7.699e+005  -8.376e+005   4.552e+006   3.059e+003 
  2.240e+000  -7.099e+006  -9.577e+006  -6.798e+006   7.024e+005  -7.552e+005  -2.604e+005 -7.611e+005  -8.413e+005   4.479e+006   3.594e+003 
  2.290e+000  -7.232e+006  -9.776e+006  -7.010e+006   6.622e+005  -7.478e+005  -2.713e+005 -7.530e+005  -8.470e+005   4.419e+006   3.433e+003 
  2.340e+000  -7.367e+006  -9.973e+006  -7.220e+006   6.227e+005  -7.414e+005  -2.806e+005 -7.457e+005  -8.539e+005   4.369e+006   2.768e+003 
  2.390e+000  -7.502e+006  -1.017e+007  -7.428e+006   5.845e+005  -7.362e+005  -2.891e+005 -7.393e+005  -8.607e+005   4.321e+006   3.176e+003 
  2.440e+000  -7.640e+006  -1.036e+007  -7.639e+006   5.493e+005  -7.316e+005  -2.970e+005 -7.339e+005  -8.669e+005   4.270e+006   3.112e+003 
  2.490e+000  -7.788e+006  -1.055e+007  -7.847e+006   5.179e+005  -7.265e+005  -3.047e+005 -7.291e+005  -8.732e+005   4.221e+006   2.988e+003 
  2.540e+000  -7.937e+006  -1.073e+007  -8.053e+006   4.878e+005  -7.206e+005  -3.120e+005 -7.247e+005  -8.794e+005   4.173e+006   2.573e+003 
  2.590e+000  -8.091e+006  -1.092e+007  -8.256e+006   4.551e+005  -7.145e+005  -3.192e+005 -7.205e+005  -8.856e+005   4.127e+006   2.677e+003 
  2.640e+000  -8.243e+006  -1.111e+007  -8.457e+006   4.208e+005  -7.077e+005  -3.262e+005 -7.164e+005  -8.910e+005   4.078e+006   2.369e+003 
  2.690e+000  -8.397e+006  -1.130e+007  -8.656e+006   3.839e+005  -7.009e+005  -3.332e+005 -7.123e+005  -8.959e+005   4.029e+006   2.243e+003 
  2.740e+000  -8.549e+006  -1.148e+007  -8.858e+006   3.468e+005  -6.935e+005  -3.401e+005 -7.082e+005  -9.000e+005   3.973e+006   2.206e+003 
  2.790e+000  -8.701e+006  -1.167e+007  -9.058e+006   3.077e+005  -6.859e+005  -3.469e+005 -7.042e+005  -9.043e+005   3.921e+006   2.203e+003 
  2.840e+000  -8.855e+006  -1.186e+007  -9.256e+006   2.674e+005  -6.781e+005  -3.537e+005 -7.003e+005  -9.083e+005   3.870e+006   2.183e+003 
  2.890e+000  -9.010e+006  -1.204e+007  -9.454e+006   2.273e+005  -6.700e+005  -3.606e+005 -6.968e+005  -9.118e+005   3.814e+006   1.668e+003 
  2.940e+000  -9.164e+006  -1.222e+007  -9.650e+006   1.860e+005  -6.619e+005  -3.677e+005 -6.935e+005  -9.148e+005   3.758e+006   1.664e+003 
  2.990e+000  -9.318e+006  -1.241e+007  -9.847e+006   1.445e+005  -6.536e+005  -3.749e+005 -6.900e+005  -9.169e+005   3.698e+006   1.572e+003 
